      89
0.0000000000 0.0000000000 0.0000000000
0.5023531298 0.0000000000 0.0000000000
0.5092062682 0.0000000000 0.0000000000
0.5242012707 0.0000000000 0.0000000000
0.5498838655 0.0000000000 0.0000000000
0.5909862360 0.0000000000 0.0000000000
0.6562887162 0.0000000000 0.0000000000
0.7612127643 0.0000000000 0.0000000000
0.9168509134 0.0000000000 0.0000000000
0.9865899751 0.0000000000 0.0000000000
0.6723779670 0.0000000000 0.0000000000
0.3321614317 0.0000000000 0.0000000000
0.1226285085 0.0000000000 0.0000000000
-0.0130535570 -0.0000000000 -0.0000000000
-0.1129359158 -0.0000000000 -0.0000000000
-0.1954536374 -0.0000000000 -0.0000000000
-0.2703334053 -0.0000000000 -0.0000000000
-0.3435136875 -0.0000000000 -0.0000000000
-0.4192113132 -0.0000000000 -0.0000000000
-0.5007442218 -0.0000000000 -0.0000000000
-0.5905754244 -0.0000000000 -0.0000000000
-0.6894498572 -0.0000000000 -0.0000000000
-0.7941554120 -0.0000000000 -0.0000000000
-0.8940115544 -0.0000000000 -0.0000000000
-0.9694337145 -0.0000000000 -0.0000000000
-0.9999999964 -0.0000000000 -0.0000000000
-0.9805687566 -0.0000000000 -0.0000000000
-0.9255613445 -0.0000000000 -0.0000000000
-0.8554366332 -0.0000000000 -0.0000000000
-0.7847005750 -0.0000000000 -0.0000000000
-0.7202325358 -0.0000000000 -0.0000000000
-0.6641250617 -0.0000000000 -0.0000000000
-0.6162784748 -0.0000000000 -0.0000000000
-0.5758298039 -0.0000000000 -0.0000000000
-0.5417932883 -0.0000000000 -0.0000000000
-0.5133160320 -0.0000000000 -0.0000000000
-0.4897812120 -0.0000000000 -0.0000000000
-0.4708795960 -0.0000000000 -0.0000000000
-0.4567398969 -0.0000000000 -0.0000000000
-0.4482786292 -0.0000000000 -0.0000000000
-0.0000000000 -0.0000000000 -0.0000000000
-0.0000000000 -0.0000000000 -0.0000000000
0.0000000000 0.0000000000 0.0000000000
0.0000000000 0.0000000000 0.0000000000
0.0000000000 0.0000000000 0.0000000000
-0.0000000000 -0.0000000000 -0.0000000000
0.0000000000 0.0000000000 0.0000000000
-0.0000000000 -0.0000000000 -0.0000000000
0.0000000000 0.0000000000 0.0000000000
0.4482785163 0.0000000000 0.0000000000
0.4567398952 0.0000000000 0.0000000000
0.4708795543 0.0000000000 0.0000000000
0.4897813995 0.0000000000 0.0000000000
0.5133159195 0.0000000000 0.0000000000
0.5417932940 0.0000000000 0.0000000000
0.5758298091 0.0000000000 0.0000000000
0.6162786311 0.0000000000 0.0000000000
0.6641250116 0.0000000000 0.0000000000
0.7202323708 0.0000000000 0.0000000000
0.7847005839 0.0000000000 0.0000000000
0.8554366062 0.0000000000 0.0000000000
0.9255614216 0.0000000000 0.0000000000
0.9805687754 0.0000000000 0.0000000000
1.0000000000 0.0000000000 0.0000000000
0.9694336509 0.0000000000 0.0000000000
0.8940116067 0.0000000000 0.0000000000
0.7941553525 0.0000000000 0.0000000000
0.6894499815 0.0000000000 0.0000000000
0.5905754550 0.0000000000 0.0000000000
0.5007442425 0.0000000000 0.0000000000
0.4192113607 0.0000000000 0.0000000000
0.3435136000 0.0000000000 0.0000000000
0.2703334132 0.0000000000 0.0000000000
0.1954537398 0.0000000000 0.0000000000
0.1129361371 0.0000000000 0.0000000000
0.0130532636 0.0000000000 0.0000000000
-0.1226286907 -0.0000000000 -0.0000000000
-0.3321613992 -0.0000000000 -0.0000000000
-0.6723780654 -0.0000000000 -0.0000000000
-0.9865899324 -0.0000000000 -0.0000000000
-0.9168509670 -0.0000000000 -0.0000000000
-0.7612125477 -0.0000000000 -0.0000000000
-0.6562887572 -0.0000000000 -0.0000000000
-0.5909861550 -0.0000000000 -0.0000000000
-0.5498838210 -0.0000000000 -0.0000000000
-0.5242011493 -0.0000000000 -0.0000000000
-0.5092062928 -0.0000000000 -0.0000000000
-0.5023533240 -0.0000000000 -0.0000000000
-0.0000000000 -0.0000000000 -0.0000000000
