      41
0.0000000000 0.0000000000 0.0000000000
0.8648265848 0.0000000000 0.0000000000
0.8608105314 0.0000000000 0.0000000000
0.8517649105 0.0000000000 0.0000000000
0.8354197831 0.0000000000 0.0000000000
0.8068747375 0.0000000000 0.0000000000
0.7547303375 0.0000000000 0.0000000000
0.6487849964 0.0000000000 0.0000000000
0.3997433581 0.0000000000 0.0000000000
-0.1643530580 -0.0000000000 -0.0000000000
-0.7403482274 -0.0000000000 -0.0000000000
-0.9433036697 -0.0000000000 -0.0000000000
-0.9925313162 -0.0000000000 -0.0000000000
-0.9999999962 -0.0000000000 -0.0000000000
-0.9936960068 -0.0000000000 -0.0000000000
-0.9808162028 -0.0000000000 -0.0000000000
-0.9628807915 -0.0000000000 -0.0000000000
-0.9392744183 -0.0000000000 -0.0000000000
-0.9080313114 -0.0000000000 -0.0000000000
-0.8657588695 -0.0000000000 -0.0000000000
-0.8071753894 -0.0000000000 -0.0000000000
-0.7245705584 -0.0000000000 -0.0000000000
-0.6080249936 -0.0000000000 -0.0000000000
-0.4484960110 -0.0000000000 -0.0000000000
-0.2462006071 -0.0000000000 -0.0000000000
-0.0200427759 -0.0000000000 -0.0000000000
0.1971035627 0.0000000000 0.0000000000
0.3790201917 0.0000000000 0.0000000000
0.5181769830 0.0000000000 0.0000000000
0.6200740442 0.0000000000 0.0000000000
0.6938932352 0.0000000000 0.0000000000
0.7477587476 0.0000000000 0.0000000000
0.7876505773 0.0000000000 0.0000000000
0.8176817372 0.0000000000 0.0000000000
0.8406168394 0.0000000000 0.0000000000
0.8582996630 0.0000000000 0.0000000000
0.8719417152 0.0000000000 0.0000000000
0.8822911834 0.0000000000 0.0000000000
0.8896921722 0.0000000000 0.0000000000
0.8939847507 0.0000000000 0.0000000000
0.0000000000 0.0000000000 0.0000000000
