      41
0.0000000000 0.0000000000 0.0000000000
0.8939848074 0.0000000000 0.0000000000
0.8896921731 0.0000000000 0.0000000000
0.8822912056 0.0000000000 0.0000000000
0.8719416099 0.0000000000 0.0000000000
0.8582997302 0.0000000000 0.0000000000
0.8406168357 0.0000000000 0.0000000000
0.8176817336 0.0000000000 0.0000000000
0.7876504551 0.0000000000 0.0000000000
0.7477587921 0.0000000000 0.0000000000
0.6938934065 0.0000000000 0.0000000000
0.6200740330 0.0000000000 0.0000000000
0.5181770276 0.0000000000 0.0000000000
0.3790200036 0.0000000000 0.0000000000
0.1971034695 0.0000000000 0.0000000000
-0.0200425939 -0.0000000000 -0.0000000000
-0.2462008575 -0.0000000000 -0.0000000000
-0.4484959067 -0.0000000000 -0.0000000000
-0.6080250714 -0.0000000000 -0.0000000000
-0.7245704401 -0.0000000000 -0.0000000000
-0.8071753670 -0.0000000000 -0.0000000000
-0.8657588575 -0.0000000000 -0.0000000000
-0.9080312895 -0.0000000000 -0.0000000000
-0.9392744503 -0.0000000000 -0.0000000000
-0.9628807893 -0.0000000000 -0.0000000000
-0.9808161824 -0.0000000000 -0.0000000000
-0.9936959817 -0.0000000000 -0.0000000000
-1.0000000000 -0.0000000000 -0.0000000000
-0.9925312937 -0.0000000000 -0.0000000000
-0.9433036812 -0.0000000000 -0.0000000000
-0.7403481381 -0.0000000000 -0.0000000000
-0.1643533142 -0.0000000000 -0.0000000000
0.3997432352 0.0000000000 0.0000000000
0.6487852505 0.0000000000 0.0000000000
0.7547303018 0.0000000000 0.0000000000
0.8068747968 0.0000000000 0.0000000000
0.8354198123 0.0000000000 0.0000000000
0.8517649851 0.0000000000 0.0000000000
0.8608105169 0.0000000000 0.0000000000
0.8648264720 0.0000000000 0.0000000000
0.0000000000 0.0000000000 0.0000000000
