      41
0.0000000000 0.0000000000 -0.0000000000
0.0000000000 0.8939848074 -0.3150704031
0.0000000000 0.8896921731 -0.3210174426
0.0000000000 0.8822912056 -0.3309554342
0.0000000000 0.8719416099 -0.3442405054
0.0000000000 0.8582997302 -0.3607816298
0.0000000000 0.8406168357 -0.3807968157
0.0000000000 0.8176817336 -0.4047192169
0.0000000000 0.7876504551 -0.4331484773
0.0000000000 0.7477587921 -0.4667770761
0.0000000000 0.6938934065 -0.5062118642
0.0000000000 0.6200740330 -0.5515230382
0.0000000000 0.5181770276 -0.6012395119
0.0000000000 0.3790200036 -0.6505264018
0.0000000000 0.1971034695 -0.6891880563
-0.0000000000 -0.0200425939 -0.7028451993
-0.0000000000 -0.2462008575 -0.6813617875
-0.0000000000 -0.4484959067 -0.6283517659
-0.0000000000 -0.6080250714 -0.5581682770
-0.0000000000 -0.7245704401 -0.4845766096
-0.0000000000 -0.8071753670 -0.4150831233
-0.0000000000 -0.8657588575 -0.3519456869
-0.0000000000 -0.9080312895 -0.2946406923
-0.0000000000 -0.9392744503 -0.2414368847
-0.0000000000 -0.9628807893 -0.1900025417
-0.0000000000 -0.9808161824 -0.1373737227
-0.0000000000 -0.9936959817 -0.0793766218
-0.0000000000 -1.0000000000 -0.0091744237
-0.0000000000 -0.9925312937 0.0861889866
-0.0000000000 -0.9433036812 0.2334580448
-0.0000000000 -0.7403481381 0.4725776953
-0.0000000000 -0.1643533142 0.6934199976
0.0000000000 0.3997432352 0.6444043006
0.0000000000 0.6487852505 0.5350145848
0.0000000000 0.7547303018 0.4612694024
0.0000000000 0.8068747968 0.4153717818
0.0000000000 0.8354198123 0.3864832038
0.0000000000 0.8517649851 0.3684322613
0.0000000000 0.8608105169 0.3578931983
0.0000000000 0.8648264720 0.3530766221
0.0000000000 0.0000000000 0.0000000000
