      41
0.0000000000 0.0000000000 0.0000000000
0.0000000000 0.8648265848 0.3530764856
0.0000000000 0.8608105314 0.3578931810
0.0000000000 0.8517649105 0.3684323466
0.0000000000 0.8354197831 0.3864832350
0.0000000000 0.8068747375 0.4153718388
0.0000000000 0.7547303375 0.4612693735
0.0000000000 0.6487849964 0.5350147370
0.0000000000 0.3997433581 0.6444042630
-0.0000000000 -0.1643530580 0.6934200276
-0.0000000000 -0.7403482274 0.4725776262
-0.0000000000 -0.9433036697 0.2334580676
-0.0000000000 -0.9925313162 0.0861888585
-0.0000000000 -0.9999999962 -0.0091746299
-0.0000000000 -0.9936960068 -0.0793764662
-0.0000000000 -0.9808162028 -0.1373736507
-0.0000000000 -0.9628807915 -0.1900025361
-0.0000000000 -0.9392744183 -0.2414369462
-0.0000000000 -0.9080313114 -0.2946406590
-0.0000000000 -0.8657588695 -0.3519456724
-0.0000000000 -0.8071753894 -0.4150831019
-0.0000000000 -0.7245705584 -0.4845765223
-0.0000000000 -0.6080249936 -0.5581683188
-0.0000000000 -0.4484960110 -0.6283517291
-0.0000000000 -0.2462006071 -0.6813618322
-0.0000000000 -0.0200427759 -0.7028451967
0.0000000000 0.1971035627 -0.6891880432
0.0000000000 0.3790201917 -0.6505263476
0.0000000000 0.5181769830 -0.6012395309
0.0000000000 0.6200740442 -0.5515230320
0.0000000000 0.6938932352 -0.5062119802
0.0000000000 0.7477587476 -0.4667771113
0.0000000000 0.7876505773 -0.4331483675
0.0000000000 0.8176817372 -0.4047192133
0.0000000000 0.8406168394 -0.3807968117
0.0000000000 0.8582996630 -0.3607817088
0.0000000000 0.8719417152 -0.3442403735
0.0000000000 0.8822911834 -0.3309554635
0.0000000000 0.8896921722 -0.3210174439
0.0000000000 0.8939847507 -0.3150704825
0.0000000000 0.0000000000 -0.0000000000
