      89
0.0000000000 0.0000000000 0.0000000000
0.8648265848 0.0000000000 0.0000000000
0.8608105314 0.0000000000 0.0000000000
0.8517649105 0.0000000000 0.0000000000
0.8354197831 0.0000000000 0.0000000000
0.8068747375 0.0000000000 0.0000000000
0.7547303375 0.0000000000 0.0000000000
0.6487849964 0.0000000000 0.0000000000
0.3997433581 0.0000000000 0.0000000000
-0.1643530580 -0.0000000000 -0.0000000000
-0.7403482274 -0.0000000000 -0.0000000000
-0.9433036697 -0.0000000000 -0.0000000000
-0.9925313162 -0.0000000000 -0.0000000000
-0.9999999962 -0.0000000000 -0.0000000000
-0.9936960068 -0.0000000000 -0.0000000000
-0.9808162028 -0.0000000000 -0.0000000000
-0.9628807915 -0.0000000000 -0.0000000000
-0.9392744183 -0.0000000000 -0.0000000000
-0.9080313114 -0.0000000000 -0.0000000000
-0.8657588695 -0.0000000000 -0.0000000000
-0.8071753894 -0.0000000000 -0.0000000000
-0.7245705584 -0.0000000000 -0.0000000000
-0.6080249936 -0.0000000000 -0.0000000000
-0.4484960110 -0.0000000000 -0.0000000000
-0.2462006071 -0.0000000000 -0.0000000000
-0.0200427759 -0.0000000000 -0.0000000000
0.1971035627 0.0000000000 0.0000000000
0.3790201917 0.0000000000 0.0000000000
0.5181769830 0.0000000000 0.0000000000
0.6200740442 0.0000000000 0.0000000000
0.6938932352 0.0000000000 0.0000000000
0.7477587476 0.0000000000 0.0000000000
0.7876505773 0.0000000000 0.0000000000
0.8176817372 0.0000000000 0.0000000000
0.8406168394 0.0000000000 0.0000000000
0.8582996630 0.0000000000 0.0000000000
0.8719417152 0.0000000000 0.0000000000
0.8822911834 0.0000000000 0.0000000000
0.8896921722 0.0000000000 0.0000000000
0.8939847507 0.0000000000 0.0000000000
0.0000000000 0.0000000000 0.0000000000
0.0000000000 0.0000000000 0.0000000000
-0.0000000000 -0.0000000000 -0.0000000000
-0.0000000000 -0.0000000000 -0.0000000000
0.0000000000 0.0000000000 0.0000000000
0.0000000000 0.0000000000 0.0000000000
-0.0000000000 -0.0000000000 -0.0000000000
0.0000000000 0.0000000000 0.0000000000
-0.0000000000 -0.0000000000 -0.0000000000
-0.8939848074 -0.0000000000 -0.0000000000
-0.8896921731 -0.0000000000 -0.0000000000
-0.8822912056 -0.0000000000 -0.0000000000
-0.8719416099 -0.0000000000 -0.0000000000
-0.8582997302 -0.0000000000 -0.0000000000
-0.8406168357 -0.0000000000 -0.0000000000
-0.8176817336 -0.0000000000 -0.0000000000
-0.7876504551 -0.0000000000 -0.0000000000
-0.7477587921 -0.0000000000 -0.0000000000
-0.6938934065 -0.0000000000 -0.0000000000
-0.6200740330 -0.0000000000 -0.0000000000
-0.5181770276 -0.0000000000 -0.0000000000
-0.3790200036 -0.0000000000 -0.0000000000
-0.1971034695 -0.0000000000 -0.0000000000
0.0200425939 0.0000000000 0.0000000000
0.2462008575 0.0000000000 0.0000000000
0.4484959067 0.0000000000 0.0000000000
0.6080250714 0.0000000000 0.0000000000
0.7245704401 0.0000000000 0.0000000000
0.8071753670 0.0000000000 0.0000000000
0.8657588575 0.0000000000 0.0000000000
0.9080312895 0.0000000000 0.0000000000
0.9392744503 0.0000000000 0.0000000000
0.9628807893 0.0000000000 0.0000000000
0.9808161824 0.0000000000 0.0000000000
0.9936959817 0.0000000000 0.0000000000
1.0000000000 0.0000000000 0.0000000000
0.9925312937 0.0000000000 0.0000000000
0.9433036812 0.0000000000 0.0000000000
0.7403481381 0.0000000000 0.0000000000
0.1643533142 0.0000000000 0.0000000000
-0.3997432352 -0.0000000000 -0.0000000000
-0.6487852505 -0.0000000000 -0.0000000000
-0.7547303018 -0.0000000000 -0.0000000000
-0.8068747968 -0.0000000000 -0.0000000000
-0.8354198123 -0.0000000000 -0.0000000000
-0.8517649851 -0.0000000000 -0.0000000000
-0.8608105169 -0.0000000000 -0.0000000000
-0.8648264720 -0.0000000000 -0.0000000000
-0.0000000000 -0.0000000000 -0.0000000000
